-0.134340408154
-0.467769039406
7.38553549268
-14.4997236681
2.92925465049
34.048095167
-37.8244276866
14.4878611076
90.1975579477
-5.86630362183
-0.714374774932
19.453093419
-15.477067157
-7.14526681732
29.3624318618
-37.1968690342
-27.048462215
53.4512529303
0.468893786087
-1.66324526961
-4.23846717989
-0.958525869224
-4.12689766076
1.45518429633
0.528853794231
-3.96686102985
-4.80051641105
1.29860224928
109.0
109.0
109.0
109.0
109.0
109.0
109.0
109.0
109.0
-1.0
-1.0
-1.0
-1.0
-1.0
-1.0
-1.0
-1.0
-1.0
74.0
74.0
74.0
74.0
74.0
74.0
74.0
74.0
74.0
0.0
0.0
0.0
0.0
0.0
0.0
0.0
0.0
0.0